0.4
0.7857142857142857
0.5
0.4
0.875
0.13636363636363635
0.6
0.5
-0.13333333333333333
0.15000000000000002
0.45714285714285713
0.65
0.5
0.4
0.51
-0.25
-0.25
0.3666666666666667
0.24285714285714288
0.875
0.30476190476190473
-0.6
0.875
0.4
0.6499999999999999
0.575
0.3
0.35
0.4
-0.3
0.6000000000000001
0.4
0.4
0.5
0.2857142857142857
0.13636363636363635
0.6
0.13636363636363635
0.0
0.8
0.2
0.3
0.4
0.4333333333333333
0.0
0.4
-0.05
0.2857142857142857
0.2857142857142857
0.13636363636363635
0.2
0.0
0.6000000000000001
0.4
0.4
0.28
0.65
0.2857142857142857
0.4619047619047619
0.0
0.6
0.65
0.6
0.55
0.0
0.5
0.4
0.45
0.0
0.3
0.3666666666666667
0.13636363636363635
0.13636363636363635
0.35
0.4
0.5
0.2857142857142857
0.0
0.13636363636363635
-0.5
0.09999999999999999
0.5
0.75
0.0
0.4
0.4
0.0
0.575
0.4
0.0
0.3666666666666667
-0.5
0.65
0.5
0.09999999999999999
0.45
0.4
-0.25
-0.13333333333333333
0.4
0.2
0.5
0.5
-0.05
0.4
0.2
0.7857142857142857
0.2
0.2857142857142857
0.4
0.45
0.5
0.4
0.33333333333333326
0.1111111111111111
0.0
0.25
0.28
-0.13333333333333333
0.65
0.875
0.5
-0.13333333333333333
0.5
0.6
0.5
0.6
0.45
0.6000000000000001
0.2857142857142857
-0.25
0.5
0.0
0.13333333333333336
0.13333333333333336
-0.4
0.4
0.4
0.15625
-0.5
0.65
0.6
0.8
0.15000000000000002
0.2857142857142857
-0.25
0.3333333333333333
-0.15833333333333333
0.0
0.0
0.43333333333333335
-0.15833333333333333
0.24545454545454545
0.6
-0.5
0.4
0.4
0.2
-0.78
0.6
0.18333333333333335
0.35
0.0
0.7857142857142857
0.2
0.0
0.5
0.4
0.275
0.0
0.0
0.6
0.5
0.0
0.5
0.6
0.4
-0.2875
0.0
0.4
0.4
0.0625
0.45
0.2681818181818182
-0.6
0.35
0.4
0.0
0.7857142857142857
0.5
0.5
0.6
0.45
0.7
0.6
0.10000000000000002
0.2857142857142857
-0.5
0.0
0.13636363636363635
-0.5
0.875
0.28
0.8
0.875
0.6
0.0
0.7857142857142857
0.5
0.0
0.13636363636363635
0.0
0.7
0.5
0.0
0.24545454545454545
0.65
0.25
0.0
0.65
0.5
0.2857142857142857
0.8
0.13636363636363635
-0.13333333333333333
0.7857142857142857
0.5
0.30000000000000004
-0.1
0.3666666666666667
0.4
-0.13333333333333333
0.7
0.0
0.4
0.65
0.10000000000000002
0.2
-0.26666666666666666
0.7
-0.2875
0.09999999999999999
0.45
0.7
0.65
-0.25
0.4
0.0
-0.35
0.2
0.0
0.0
0.875
0.4
-0.5
0.65
0.0
0.3
-0.625
0.09999999999999998
0.28
0.5
0.1875
-0.375
0.4
0.5
0.0
0.4
0.45
0.5
0.0
0.75
0.65
0.4
0.2857142857142857
0.0
0.65
0.0
0.0
0.65
0.45
0.5
0.0
0.21428571428571427
0.8
0.13636363636363635
0.65
0.0
0.2857142857142857
0.375
0.0
0.45
0.2
0.45
0.0
0.8
0.13636363636363635
0.0
0.0
0.875
-0.5
-0.26666666666666666
-0.25
0.0
0.2333333333333333
-0.15833333333333333
0.0
0.5
0.4666666666666666
0.25
0.0
0.0625
0.0
0.7875
0.13636363636363635
0.0
0.9
0.3333333333333333
0.7875
-0.3
0.35833333333333334
0.4
0.13636363636363635
0.2857142857142857
0.0
0.5
0.26666666666666666
0.6
0.0
0.4464285714285714
-0.2
0.8
0.65
0.10714285714285714
0.03333333333333333
0.09999999999999998
0.39285714285714285
0.425
-0.1
-0.5
0.13636363636363635
0.0
0.8
0.0
-1.0
-0.25
0.2857142857142857
-0.13333333333333333
0.9
0.5
-0.4125
0.07333333333333333
0.0
0.0
0.0
0.0
0.18333333333333335
0.0
0.0625
0.0
0.5
0.14583333333333334
0.14285714285714285
0.3333333333333333
0.0
-0.6
0.13636363636363635
0.28409090909090906
0.0
-0.13333333333333333
0.35833333333333334
0.0
0.2857142857142857
0.7857142857142857
0.5
0.10714285714285714
0.2666666666666667
0.19999999999999998
0.125
0.4
0.0
0.2857142857142857
0.25
0.0
0.0
0.0
0.0
0.0
0.65
0.5
-0.4
0.0
-0.6
0.35
0.4
0.0
0.0
0.0
0.26666666666666666
-0.5
-0.5
-0.5
0.25
0.4
0.0
-0.875
0.0
0.0
-0.5750000000000001
0.3333333333333333
-0.4
0.35
0.5
0.0
0.0
0.0
0.55
0.45
0.0
-0.14761904761904762
-0.5
0.0
0.0
0.6
0.42500000000000004
0.0
0.2857142857142857
0.7
-0.1
0.2857142857142857
0.0
0.0
0.25
0.39285714285714285
0.0
0.0
0.9099999999999999
0.4000000000000001
0.425
0.0
-0.125
-0.5
0.2857142857142857
0.0
0.2
0.2375
0.2857142857142857
0.0
0.39285714285714285
0.0
-0.21999999999999997
0.0
0.42500000000000004
0.4
0.26666666666666666
0.4
-0.2916666666666667
0.5
0.6
0.4
0.8
0.5
0.5
0.7857142857142857
0.6
0.2857142857142857
0.07333333333333333
0.15
-1.0
0.6
0.2857142857142857
0.0
0.0
0.6
0.2857142857142857
0.14285714285714285
0.35
0.31875
0.0
0.0
0.8
0.15
0.0
-0.2875
-0.1
0.09999999999999998
0.2857142857142857
0.0
0.65
0.0
-0.1
-0.09999999999999998
-0.15000000000000002
0.65
-0.5
0.0
0.0
0.0
0.0
0.0
0.4
-0.1
0.26666666666666666
0.26666666666666666
0.7857142857142857
0.0
0.4333333333333333
0.7
0.15000000000000002
-0.3
0.4
-0.5
0.39285714285714285
0.5
0.2857142857142857
0.0
0.0
0.18333333333333335
-0.5
-0.3
0.35833333333333334
0.2857142857142857
0.4
0.0
0.2833333333333333
0.14285714285714285
-0.5
-0.5
0.13333333333333333
0.5
-0.4000000000000001
0.3666666666666667
0.14285714285714285
0.0
-0.5
-0.5
0.0
0.0
0.0
0.5
0.2857142857142857
0.19999999999999998
0.0
0.0
-0.4861111111111111
0.6
0.0
-0.4
0.4
0.39285714285714285
0.5
0.4
0.10000000000000003
0.6
0.4
0.425
0.14285714285714285
0.0
0.0
0.65
0.4
-0.5
0.3333333333333333
0.8
0.0
-0.3333333333333333
-0.5
0.2857142857142857
0.1
0.5
0.35833333333333334
0.7
0.425
0.425
0.19999999999999998
0.0
0.0
-0.15000000000000002
0.0
0.13636363636363635
0.4333333333333333
0.0
0.4333333333333333
0.14285714285714285
0.2
0.0
0.13636363636363635
0.25
0.0
0.2857142857142857
0.0
0.0
0.6333333333333333
0.0
0.6
0.0
0.0
-0.15
0.375
-0.5
0.2857142857142857
0.5
-0.4
0.0
0.0
0.7
0.2857142857142857
0.13636363636363635
0.0
0.09999999999999998
0.0
-0.14761904761904762
0.5
0.0
-0.5
0.0
-0.5
0.5
0.0
0.65
0.0
-1.0
0.4
0.13636363636363635
0.2
0.2857142857142857
0.2857142857142857
0.0
0.9765625
0.5
0.2857142857142857
0.4000000000000001
-0.5
0.73828125
-0.4
1.0
0.4
0.0
0.2857142857142857
0.2857142857142857
0.5
0.65
0.2857142857142857
-0.5
0.4
0.13636363636363635
-0.125
0.125
-0.3
-0.5
0.0
0.5
0.5
-0.2875
-0.5
0.18333333333333335
0.0625
0.7
0.0
0.4
0.0
-0.3333333333333333
0.6
0.0
0.6
0.6
0.35833333333333334
0.7875
0.4
0.2857142857142857
0.4
0.0
0.8
0.6
0.8
0.6
0.7
0.4464285714285714
0.2857142857142857
0.2857142857142857
0.07333333333333333
-0.5
0.37142857142857144
0.2857142857142857
0.0
-0.425
0.2857142857142857
0.0
0.7857142857142857
0.0
0.0
0.0
0.3833333333333333
0.15000000000000002
0.0
0.7
0.0
0.0
0.45444444444444443
0.9
0.0
0.75
0.13636363636363635
0.3
0.0
-0.3125
0.0
0.5
0.65
0.4
0.9
0.5
-0.3
0.0
0.0
0.5
0.13333333333333333
-0.5
0.45
0.7875
0.4
0.0
0.0
0.0
0.2857142857142857
-0.45
0.5
0.05
0.0
0.25
-0.5
0.0
0.7
-0.6999999999999998
0.0
0.0625
0.2857142857142857
0.0
0.0
0.13636363636363635
-0.5
0.26666666666666666
0.0
0.0
-0.5750000000000001
-0.4
0.425
0.0
0.5
-0.3
0.0
0.0
-0.3
0.6000000000000001
0.2857142857142857
0.4
0.5
0.1
0.18333333333333335
0.10714285714285714
0.43333333333333335
0.0
0.5
0.0
-0.2916666666666667
0.5
0.0
-0.13333333333333333
-1.0
0.2857142857142857
0.0
0.0
0.4
0.0
-0.5
1.0
0.6000000000000001
0.15000000000000002
0.4
0.0
0.7875
0.2857142857142857
-0.4000000000000001
0.0
0.0
0.13636363636363635
0.5
0.6
0.4
-0.4
0.13333333333333333
0.17
0.2
0.7875
0.13636363636363635
0.2380952380952381
0.7
0.5
1.0
0.0
-0.2916666666666667
0.2857142857142857
0.2857142857142857
-0.5
0.14285714285714285
0.5
0.4928571428571428
-0.5
0.5
0.18333333333333335
0.0
0.4
0.25
-0.9
0.8
0.26666666666666666
0.4
0.2857142857142857
0.0
0.0
0.0
0.7875
-0.05000000000000002
0.4
0.13636363636363635
0.39285714285714285
0.15625
0.13636363636363635
-0.5750000000000001
-0.3
-0.13333333333333333
0.5
0.0
0.5
0.09999999999999998
0.4
0.7
0.0
0.18333333333333335
0.3333333333333333
0.4
-0.5
0.18333333333333335
-0.05
0.65
-0.5
0.8
0.2857142857142857
0.5
0.0
0.3333333333333333
0.2380952380952381
-0.5
0.875
0.3
0.0
0.35000000000000003
0.0
-0.5
-0.8
0.39285714285714285
-0.6
0.2857142857142857
0.0
0.2
0.13636363636363635
0.09999999999999998
0.0
-0.5
0.0
0.5
-0.5
0.5
0.2857142857142857
0.0
0.8
0.5
0.5
0.5
0.5
0.13636363636363635
0.0
0.5
0.5
0.42500000000000004
0.1
0.0
0.31875
0.0
0.15000000000000008
0.625
-0.8
0.35
0.16
0.2
0.7579365079365079
0.39285714285714285
0.1
0.5
0.13636363636363635
0.0625
0.2857142857142857
-0.05000000000000002
0.4000000000000001
-0.5
0.5787878787878787
-0.4000000000000001
-0.05000000000000002
0.41818181818181815
0.2857142857142857
0.4
0.51
0.7
-0.2
0.45
0.0
0.0
0.14285714285714285
0.2857142857142857
0.0
0.25
0.39285714285714285
-0.5
0.5
0.5
0.0
0.6
0.5
0.3333333333333333
0.24666666666666667
-0.5
0.0
0.3333333333333333
0.0
0.5
0.2333333333333333
0.2
0.2333333333333333
0.2333333333333333
0.2333333333333333
0.2333333333333333
-0.2
0.2333333333333333
0.2333333333333333
0.2333333333333333
0.2333333333333333
0.2333333333333333
0.13571428571428573
0.2333333333333333
0.2333333333333333
0.2333333333333333
0.2333333333333333
-0.5
0.12916666666666665
0.0
0.2333333333333333
0.16
0.2333333333333333
0.5
0.2333333333333333
0.2333333333333333
0.10714285714285714
0.2333333333333333
0.0
0.2333333333333333
0.2333333333333333
0.2333333333333333
0.2333333333333333
0.0
0.16
0.5
0.2333333333333333
0.2333333333333333
0.2333333333333333
0.2333333333333333
0.2333333333333333
0.2333333333333333
0.2333333333333333
0.2333333333333333
0.2333333333333333
0.2333333333333333
0.2333333333333333
0.2333333333333333
0.2333333333333333
0.2333333333333333
0.2333333333333333
0.2333333333333333
0.2333333333333333
0.2333333333333333
0.2333333333333333
-0.5
0.2333333333333333
0.2333333333333333
0.2333333333333333
0.5
0.2333333333333333
0.5
0.26666666666666666
0.2333333333333333
0.2333333333333333
0.2333333333333333
0.5
0.2333333333333333
0.2
0.3333333333333333
0.2333333333333333
0.2333333333333333
0.5
0.3333333333333333
0.0
0.2333333333333333
0.2333333333333333
0.3333333333333333
0.2333333333333333
0.2333333333333333
0.2333333333333333
0.2333333333333333
0.3333333333333333
0.2333333333333333
0.2333333333333333
0.52
-0.25
0.0
0.2
-0.10714285714285715
0.2333333333333333
0.2333333333333333
0.35
0.2333333333333333
0.2333333333333333
0.2333333333333333
0.2
0.2333333333333333
-0.10714285714285715
0.2333333333333333
0.2333333333333333
-0.125
0.1953125
-0.3333333333333333
0.2333333333333333
0.2333333333333333
0.2333333333333333
0.0
-0.125
0.2333333333333333
0.7875
0.2333333333333333
0.2333333333333333
0.2333333333333333
0.2333333333333333
0.2333333333333333
0.2333333333333333
0.2333333333333333
0.2333333333333333
0.2333333333333333
0.2333333333333333
0.2333333333333333
0.2333333333333333
-0.125
0.1
0.2333333333333333
0.2333333333333333
0.2333333333333333
0.2
0.2333333333333333
0.2333333333333333
0.2333333333333333
0.2333333333333333
0.2333333333333333
0.2333333333333333
0.13636363636363635
0.2333333333333333
0.2333333333333333
0.2333333333333333
0.0
0.0
0.2333333333333333
0.2333333333333333
-0.78125
0.2333333333333333
0.2333333333333333
0.2333333333333333
-0.5
0.12916666666666665
0.2333333333333333
0.2333333333333333
0.2333333333333333
0.2333333333333333
-0.1
0.2333333333333333
0.0
0.2333333333333333
0.2333333333333333
0.2333333333333333
0.2333333333333333
0.2333333333333333
-0.125
0.2333333333333333
0.2333333333333333
0.2333333333333333
0.2333333333333333
0.2333333333333333
0.2333333333333333
0.2333333333333333
0.52
0.0
0.2333333333333333
0.2333333333333333
0.2333333333333333
0.2333333333333333
0.2333333333333333
0.2333333333333333
0.2333333333333333
0.2333333333333333
0.2333333333333333
0.2333333333333333
0.2333333333333333
0.1
0.2333333333333333
0.16
0.3333333333333333
0.2333333333333333
0.2333333333333333
0.2333333333333333
0.2333333333333333
0.2333333333333333
0.2333333333333333
0.2
0.2333333333333333
0.16
0.2333333333333333
0.2333333333333333
0.2333333333333333
0.52
0.2333333333333333
0.15400000000000003
0.2333333333333333
0.3333333333333333
0.2333333333333333
0.2333333333333333
-0.1
0.5
0.0
0.2
0.2333333333333333
0.2333333333333333
0.3333333333333333
0.2333333333333333
0.0
0.2333333333333333
0.2333333333333333
0.2333333333333333
-0.125
-0.1
0.2333333333333333
0.2333333333333333
0.2333333333333333
0.2
-0.15
0.2333333333333333
0.2681818181818182
-0.2
0.2
0.52
0.2333333333333333
0.2333333333333333
0.2375
0.2333333333333333
0.2333333333333333
0.2333333333333333
0.2333333333333333
0.0
0.2333333333333333
0.5
0.0
0.2333333333333333
0.2333333333333333
0.2333333333333333
0.2333333333333333
0.2333333333333333
0.2333333333333333
0.2333333333333333
0.6533333333333333
0.2333333333333333
0.2333333333333333
-0.15
0.2333333333333333
0.2333333333333333
0.2333333333333333
0.2333333333333333
0.2333333333333333
0.2333333333333333
0.2333333333333333
-0.125
0.2333333333333333
0.2333333333333333
0.2333333333333333
0.0
0.2333333333333333
0.2333333333333333
0.0
0.25
0.2333333333333333
0.2333333333333333
0.0
-0.4833333333333333
0.2333333333333333
0.2333333333333333
0.0
0.2333333333333333
0.2333333333333333
-0.4833333333333333
0.35714285714285715
0.2333333333333333
0.2333333333333333
0.16
-0.125
0.2333333333333333
0.1953125
0.2333333333333333
