-0.20000000000000004
0.5
-0.8
0.2
0.375
0.6
-0.05
0.0
0.4
-0.52
-0.6
0.6
1.0
0.55
-0.75
-1.0
0.4
0.6
0.5
0.8
0.1
-1.0
-0.26666666666666666
0.55
0.6
0.75
1.0
0.6
0.4
-0.16666666666666666
1.0
0.375
0.04999999999999999
-0.04444444444444443
0.4
-0.3888888888888889
-0.6
-0.7
0.0
-0.6
0.3333333333333333
0.4000000000000001
0.4
0.0
-0.6
-0.6
-0.5
0.9
-0.15
0.3666666666666667
-0.7999999999999999
0.6
0.3666666666666667
0.9
1.0
0.4333333333333333
0.0
-0.6
-0.6666666666666666
0.3
0.25
0.8
0.8
-0.8000000000000002
-0.3888888888888889
-1.0
0.8
0.6
