0.05333333333333334
0.05
0.050000000000000044
0.11249999999999999
-0.06666666666666665
-0.5
0.2857142857142857
0.13125
0.5
0.5
0.076875
-0.5
0.0
-0.5
-1.0
-0.1671875
-0.2916666666666667
0.050000000000000044
-0.5
-0.5
0.8
-0.1
-0.5
-0.5
0.0
-0.20000000000000004
0.0
0.375
0.5000000000000001
0.13125
0.0
0.16
-0.03749999999999999
-0.10000000000000002
-0.7
0.5
-0.7999999999999999
-0.5
0.4
0.2
0.6250000000000001
-0.5
0.4
0.0
0.050000000000000044
-0.25
0.2
-0.625
-0.05
0.6
0.125
-0.5
-0.5
-0.16666666666666666
0.05333333333333334
-0.9099999999999998
0.2857142857142857
-0.25
-0.35833333333333334
0.5
0.6
-1.0
-0.3
0.13125
-0.05
0.35714285714285715
0.05
0.39285714285714285
0.22499999999999998
0.2
0.5
-0.3333333333333333
0.0
-0.19999999999999998
0.0
0.625
0.050000000000000044
0.5
0.0
0.8
0.5
0.225
-0.4
0.5
-0.5
-0.16666666666666666
-0.1982142857142857
0.25
0.125
0.5
0.0
0.22499999999999998
0.050000000000000044
-0.16666666666666666
-0.275
-0.7
0.0
0.15
0.6
-0.5
0.08333333333333333
0.5
-0.5
0.0625
0.06250000000000001
0.3833333333333333
-0.5
0.4
-0.08809523809523807
0.125
-0.4
-0.11666666666666665
0.08333333333333333
-0.6999999999999998
0.375
-0.2857142857142857
-0.2916666666666667
0.625
0.5
0.0
0.0
-0.5
0.4
0.0
-0.3357142857142857
-0.6
-0.16666666666666666
0.23750000000000004
0.0
0.35714285714285715
0.55
-0.25
0.050000000000000044
0.08750000000000002
-0.5
0.7
0.65
0.5785714285714285
0.050000000000000044
-0.25
-0.0035714285714285587
0.055769230769230765
0.125
0.5
0.14999999999999997
0.8
0.5
-0.2833333333333333
0.0
0.0
0.0
0.6
0.8
0.35
-0.5
0.3785714285714286
0.5
-0.1875
0.24675324675324675
0.125
0.0
0.7
-0.6031249999999999
1.0
0.625
-0.5
-0.12142857142857144
-0.3666666666666667
0.35
-0.4625
0.5
0.4
0.8
-0.5
-0.6
-0.2857142857142857
0.55
-0.10000000000000002
-0.6
0.4472222222222222
-0.625
-0.13333333333333328
0.4
-0.5
0.3785714285714286
0.625
0.6250000000000001
-0.5
0.5
0.0
0.0
0.0
0.2333333333333333
-0.1
-0.050000000000000044
0.125
-0.25
0.3571428571428571
0.2944444444444444
-0.14583333333333334
0.6499999999999999
0.25
-0.6031249999999999
0.0
-0.5
-0.25
-0.125
0.4000000000000001
-0.25
0.078125
0.4
0.050000000000000044
0.0
-0.6125
0.26666666666666666
-0.41666666666666663
0.4166666666666667
-0.5
0.475
0.2
0.5
-0.5
0.2333333333333333
-0.5
0.5
0.5
0.04722222222222221
-0.8
0.7
-0.25
-0.2
0.470625
0.0625
0.5
0.0
0.16666666666666666
0.5
0.5
0.13125
-0.4
0.2
0.5
0.41666666666666663
-0.3357142857142857
0.0
-0.2833333333333333
0.0
0.6
0.5
0.5
0.0
0.5
-0.23333333333333336
0.375
-0.25
0.5
-0.325
0.1
-1.0
0.2
0.5
0.5
0.875
-0.2
-1.0
-1.0
0.05
0.375
0.3125
0.39999999999999997
0.0
-0.5
-0.13333333333333333
0.4
0.22727272727272727
-0.5
0.225
0.5
-0.13333333333333333
-1.0
0.0
0.25
0.0
-0.5
0.5
-0.2
0.8
-0.3333333333333333
-0.4
-0.1333333333333333
0.0
0.44285714285714284
0.470625
0.2857142857142857
0.5
0.5
0.22499999999999998
0.35714285714285715
0.25
0.5
0.5
0.4
0.0
-0.22499999999999992
0.75
0.0
0.16666666666666666
-0.5
-0.3875
-0.5
-0.8
0.0
0.17857142857142858
0.13125
-0.08809523809523807
-0.30000000000000004
0.0625
0.0
0.9
0.325
0.20000000000000007
-0.3875
-0.6031249999999999
-0.4
0.4
0.0
0.6250000000000001
0.050000000000000044
-0.375
-1.0
0.373015873015873
0.05
-1.0
0.050000000000000044
0.8
-0.325
0.13125
-0.09523809523809523
0.6250000000000001
-0.8
-1.0
0.050000000000000044
0.375
-0.5
0.07878787878787878
-0.4
0.13125
0.0
-0.09375
0.20000000000000004
-0.5
-0.4
0.5
0.0
0.5785714285714285
0.15625
0.13125
0.5
0.0
-0.4
-0.25
0.0
-0.53125
0.0
0.17857142857142858
0.5520833333333334
0.0
0.2333333333333333
0.7
0.050000000000000044
-1.0
-1.0
-0.5
0.23750000000000004
0.0
0.0
0.05333333333333334
0.25
0.4375
0.35
0.2
-0.6031249999999999
-0.04999999999999999
0.05333333333333334
0.13809523809523808
-0.5
0.17857142857142855
0.050000000000000044
0.3
-0.4
0.5
0.125
0.3
0.13125
-0.5
0.5
0.024999999999999994
0.9
-0.5
0.2857142857142857
-0.6
0.1
0.5
0.37500000000000006
0.125
0.25
0.5
-0.1875
-0.7142857142857143
0.5
0.13125
-0.43333333333333335
0.3333333333333333
0.375
-0.16666666666666666
0.2857142857142857
0.5
0.23750000000000004
0.0
0.4875
0.4
-0.5
0.0
0.5
0.4472222222222222
0.5
-1.0
-0.6031249999999999
0.7
-0.6666666666666666
0.0
0.13125
0.125
0.0
-0.16666666666666666
0.5
0.2857142857142857
0.078125
0.13636363636363635
0.6250000000000001
0.2857142857142857
0.4333333333333333
-0.5
0.6250000000000001
-1.0
-0.15468749999999992
-0.16666666666666666
1.0
0.0
0.5
-0.54375
-0.5
0.5
-0.25
-0.2857142857142857
0.2
0.6250000000000001
0.08148148148148149
0.5
-0.3499999999999999
0.6
-0.4
0.43333333333333335
0.05333333333333334
0.13125
0.5
-0.6031249999999999
-0.3333333333333333
0.6
0.8
0.225
5.551115123125783e-17
0.225
0.0
-0.5
0.6000000000000001
0.0
0.05
-0.4
0.0
0.0
-0.2
0.5
0.5
0.21428571428571427
0.5
0.0
0.125
-0.375
0.375
-0.3791666666666667
0.5
0.9
0.0
0.5000000000000001
-0.5333333333333333
0.0
0.5
0.5
0.0
0.5
0.6
-0.4000000000000001
0.25
0.8
0.13636363636363635
-0.3333333333333333
0.0
0.2833333333333333
0.2
0.3125
0.55
-0.25
-0.2
-0.5
-0.5
0.42500000000000004
-0.4
0.5
0.4
0.4
0.10416666666666666
0.05
-0.171875
0.4000000000000001
-0.2916666666666667
0.5
-0.25
0.13125
-0.625
-1.0
0.13636363636363635
-0.04999999999999999
0.0625
-0.5
0.0
0.5
0.0
0.050000000000000044
0.375
0.375
0.5
0.5
0.0
-0.5
0.08214285714285718
-0.5
0.5
0.5
-0.5
-0.6999999999999998
0.31666666666666665
0.2857142857142857
0.0
0.225
-1.0
0.0
0.125
-0.4750000000000001
-0.0625
-0.6031249999999999
0.20000000000000004
-0.05
0.4
0.05
-0.25
-0.23333333333333336
0.7
1.0
-0.25
0.6250000000000001
0.1875
0.125
-0.2857142857142857
0.5
-0.125
0.25
0.5
0.6250000000000001
0.44166666666666665
0.5
0.5
0.375
-0.30000000000000004
0.0
-0.25
0.2
0.4
-0.3357142857142857
0.0
0.5
-0.25
0.125
0.25
0.7
-0.5
0.13125
0.050000000000000044
0.0
0.0
0.4000000000000001
-0.5
0.625
0.0
0.0
-0.29999999999999993
-0.04999999999999993
-0.4
0.5
-0.325
-0.7
0.35714285714285715
-0.5
0.6250000000000001
-0.5
-0.10000000000000002
-0.16666666666666666
-0.6031249999999999
0.41666666666666663
-0.5000000000000001
0.05555555555555555
0.13636363636363635
0.17857142857142855
0.0
-0.5
1.0
0.13125
-0.3333333333333333
0.5
0.5
0.23750000000000004
0.0
0.05000000000000001
-0.7166666666666667
0.55
0.6250000000000001
-0.25
0.0
-0.19999999999999996
0.625
0.5
-0.35
-0.325
-0.5
0.041666666666666664
0.8
0.5
-0.4000000000000001
0.0
0.078125
0.8
0.050000000000000044
0.0
0.34285714285714286
-0.6031249999999999
0.0
0.22142857142857142
-0.325
-0.2571428571428572
0.23750000000000004
0.0
0.43333333333333335
0.0
0.8
0.0
0.5
0.5
0.20000000000000004
-0.3499999999999999
-0.2857142857142857
-0.1333333333333333
0.0
0.0
0.5
0.6250000000000001
0.4333333333333333
0.3
0.8
0.08333333333333333
-1.0
-0.1875
0.9
0.5
-0.35
0.5
-0.5
0.0
0.5
-0.25
0.625
1.0
-0.4000000000000001
0.7
0.1
0.0
-0.09999999999999992
0.2916666666666667
-0.5
-0.5
-0.25
0.5
0.5
-0.39999999999999997
-0.5
-0.14999999999999997
0.2
0.125
0.2857142857142857
0.4
0.0
0.13636363636363635
0.3571428571428571
0.7
0.3
0.125
-0.2857142857142857
-0.4
0.07878787878787878
0.5
0.5
-0.1875
0.04545454545454545
-0.4
0.3333333333333333
0.2857142857142857
0.0
-1.0
-0.6031249999999999
-0.10000000000000002
0.35
0.7
0.13125
0.22499999999999998
0.25
-0.4
0.5
0.2857142857142857
-0.0625
-0.5
0.0
0.050000000000000044
-0.4
-0.5
0.85
0.375
-1.0
0.25
-0.675
0.44166666666666665
0.10416666666666666
0.225
-0.325
0.0
0.0
-1.0
0.8
-0.2916666666666667
-0.1875
0.1
0.2857142857142857
0.5
0.7
0.0
0.0
-0.4
0.25
0.125
0.31875
-0.5
0.4
0.0
-0.5
0.0
-0.42
0.0
0.0
0.5
-0.5
0.35714285714285715
-0.49583333333333335
0.6
-0.5
-0.6
-0.2916666666666667
0.1
0.0
-0.5
0.13125
0.4
-0.5
-0.3333333333333333
0.8
0.8
0.13125
-1.0
0.05333333333333334
0.2
-0.2
0.06666666666666664
-0.22499999999999992
0.0
0.07083333333333335
-0.45
0.25
-0.35833333333333334
-1.0
-0.09999999999999992
0.0
-0.1875
-0.6031249999999999
-0.3333333333333333
0.16
0.13125
-0.37499999999999994
0.10000000000000002
0.7
0.0
0.6
-0.5
0.35
0.125
0.5
0.2857142857142857
-0.5
0.0
0.675
0.8
0.25
-0.25
0.10416666666666666
0.0
-0.41666666666666663
-0.41666666666666663
0.5
-0.033333333333333326
-0.25
-0.03472222222222223
0.0
0.050000000000000044
0.0
0.0
-0.6
-0.5
0.0
0.0
0.6250000000000001
-1.0
0.7
0.2020833333333333
0.625
0.6
0.078125
0.5
0.05238095238095238
0.0
0.0
-0.5
0.6
0.4
-0.2
0.0
0.5
-0.6031249999999999
-0.15555555555555559
-0.06666666666666665
0.35714285714285715
-0.2916666666666667
-0.16666666666666666
0.016666666666666663
-0.11666666666666665
0.2857142857142857
-0.5
0.5
0.5
0.5
0.17857142857142858
0.5
0.125
0.078125
0.21428571428571427
-0.5
-0.8
0.125
0.5
-0.325
0.6
0.09375
0.20000000000000004
-0.6125
0.0
-0.5
-1.0
-0.08333333333333331
0.5
0.5
-0.2
0.0
-0.2857142857142857
0.050000000000000044
0.0
-0.42500000000000004
-0.2571428571428572
-0.5
0.050000000000000044
0.475
0.3499999999999999
-0.11666666666666665
-0.325
0.5
0.75
0.6
0.5
-0.21250000000000002
0.0
-0.5
-0.01249999999999999
0.05333333333333334
-0.2857142857142857
0.5
-0.3357142857142857
-0.23214285714285715
0.4666666666666667
-0.75
0.8
-0.023809523809523808
0.5
0.0
0.2857142857142857
0.050000000000000044
0.44166666666666665
1.0
-1.0
0.7
0.25
0.2
0.5
0.0
0.006031746031746027
0.625
-0.25
-0.4
-0.45
0.13333333333333333
0.0
-0.3833333333333333
0.4666666666666667
0.3785714285714286
-0.11666666666666665
0.050000000000000044
-1.0
0.15000000000000002
0.5
0.5
0.36818181818181817
-0.4
0.5
0.25
0.04999999999999999
-1.0
0.2
-0.4
-0.5
0.23750000000000004
-0.5
0.016666666666666666
0.3166666666666667
0.41666666666666663
0.0
0.7
-0.25
0.25
-0.5
0.0
0.0
0.6
-0.14999999999999997
0.0625
0.0
-0.5
0.5
0.3666666666666667
0.75
1.0
0.15000000000000002
-0.11666666666666665
-0.6031249999999999
-0.5
-0.05
0.5
0.0
-0.1
-0.8
-0.5
0.5
0.13125
0.25
0.3785714285714286
-0.8
0.8
-0.42
0.5
0.0
-0.5
-0.25
-0.55
-0.5
-1.0
0.6250000000000001
0.5
0.25
0.13125
0.24675324675324675
0.9
0.5
-1.0
-0.5
0.5
0.35
-0.3
0.05555555555555555
0.0
-0.8
0.125
0.0
-0.25
0.6
0.0
-0.5
0.20000000000000004
0.35
0.05
0.2857142857142857
0.6
-0.5
0.0
0.26785714285714285
0.5
0.0
-0.5
0.0
0.06363636363636363
-0.3
0.6
0.5
-0.43333333333333335
0.4
0.5
-0.4
0.0
0.375
-0.25
0.8
0.0
0.4000000000000001
-0.6031249999999999
-0.5
-0.5
0.0
0.0
0.75
-0.5
0.25
0.12222222222222223
-0.13333333333333328
0.0
0.2857142857142857
0.5
0.5
0.5
1.0
0.125
0.2857142857142857
-0.3125
0.5
0.9
0.6250000000000001
-0.1
0.5
-0.5
0.2777777777777778
0.5
0.0
-0.1
-0.2
-0.15
0.0
0.2916666666666667
-0.3333333333333333
0.125
0.0
0.5
0.7
-0.5
0.3
0.0
-0.5
0.13125
0.65
-0.5
-0.5
0.078125
-0.3833333333333333
0.0
-0.375
-0.5
0.125
0.13125
0.35714285714285715
0.03333333333333335
0.6250000000000001
0.5
-0.175
0.25
0.0
-0.27499999999999997
0.6250000000000001
0.0
0.0
0.4681818181818182
0.16
0.373015873015873
0.13125
0.3666666666666667
0.0
0.13125
-0.5999999999999999
0.5
0.375
0.7
0.3833333333333333
-0.023809523809523808
0.0
0.4125
0.0
-0.8
-0.5
0.5
0.3
-0.5
0.2857142857142857
-0.5
0.6499999999999999
0.4166666666666667
-0.2
0.2916666666666667
0.05333333333333334
0.2833333333333333
0.0
0.0
0.5
0.22142857142857142
-0.5
0.0
0.1
0.0
-0.3833333333333333
0.5
0.4
0.6
-0.325
0.0
0.0
0.21875
0.55
0.23750000000000004
-0.5
0.4333333333333333
-0.5
0.3333333333333333
-0.1
-0.6
0.050000000000000044
0.5
-0.4
-0.9099999999999998
0.48333333333333334
0.5
-0.3333333333333333
0.5
0.13125
-0.5
-0.42
-0.3833333333333333
0.25
-0.13333333333333333
0.4
-0.3833333333333333
-0.5
0.25
0.050000000000000044
0.0
0.6250000000000001
0.3
-0.625
0.5
0.6250000000000001
0.05333333333333334
0.5
-0.22499999999999992
-0.125
-0.29285714285714287
0.375
0.7
-0.09999999999999995
-0.5
0.07878787878787878
0.13636363636363635
0.2857142857142857
0.8
0.5
-0.3833333333333333
-0.5
0.2857142857142857
-0.5
-0.4
0.0
0.5
-0.21666666666666667
0.6250000000000001
0.0
0.2
-0.3357142857142857
-0.2857142857142857
0.0
0.35
-0.6
-0.5
0.05333333333333334
-0.5
1.0
0.42500000000000004
0.56
-0.5
0.6250000000000001
0.5
0.5
0.175
0.050000000000000044
0.0
0.5
0.0
0.5166666666666666
0.0
0.6
-0.125
-0.04464285714285714
0.3785714285714286
0.5
-0.25
0.2
0.06666666666666667
0.20000000000000007
-0.5
-0.9
0.4
0.5
0.18333333333333335
-1.0
0.56875
0.10416666666666666
-0.1
0.0
-0.2857142857142857
-0.1333333333333333
0.16666666666666666
0.5
-0.15
0.25
-0.35
0.0
-0.12121212121212122
0.6250000000000001
0.2857142857142857
-0.6666666666666666
0.0
0.475
0.3666666666666667
0.5
-0.5
-0.5
0.55
-0.5
0.6499999999999999
-0.3125
0.0
0.25
0.6250000000000001
0.375
0.050000000000000044
0.0
0.8
0.25
0.08333333333333334
-0.40714285714285714
0.05000000000000002
0.0
0.5
-0.5
-0.1875
0.25
0.125
0.5
0.125
-0.1875
0.13636363636363635
0.7
-0.3125
0.10416666666666666
0.2
-0.06666666666666665
0.5
-0.033333333333333326
0.5
0.050000000000000044
0.5
-0.5
0.6
-0.5
-1.0
-0.375
-0.6
0.125
-0.16666666666666666
0.125
0.13125
0.125
-0.6
0.0
-0.5
0.0
-0.3357142857142857
-0.7
-0.1
0.475
-0.7875
0.5
-0.7222222222222222
0.25
0.25
0.24675324675324675
0.05000000000000002
0.3
0.22499999999999998
-0.04999999999999999
0.0
0.5
-0.5
-0.06666666666666665
-0.6
0.05
0.0
-0.5
-0.11666666666666665
-0.3357142857142857
0.4333333333333333
0.0
-0.0625
-0.2
0.050000000000000044
0.5
0.0
0.0
0.25
0.15000000000000002
0.4000000000000001
-0.5
-0.5
0.0
-0.5999999999999999
0.5416666666666666
0.20000000000000004
0.0
-0.5
-0.1333333333333333
0.0
-0.3125
0.8
0.125
0.16
-0.55
0.0
0.050000000000000044
0.5
-0.4
-1.0
1.0
0.125
0.2
-0.4
-0.3833333333333333
0.050000000000000044
0.25
0.5
0.05
0.35
-0.4
0.050000000000000044
0.5
-0.55
0.2
0.0
-0.4
0.0
0.0
0.4000000000000001
-0.1
-0.3333333333333333
-0.3875
-0.3333333333333333
0.5
-0.3125
-1.0
0.5
-0.4
0.1
-0.6999999999999998
0.6250000000000001
1.0
0.5
0.078125
0.0
0.3181818181818182
0.2
0.5
0.17857142857142858
0.0
-0.5
0.0
0.7
0.5
0.78125
-1.0
0.0
-0.1
0.5
0.125
0.0
-0.3833333333333333
0.5
-0.5
0.125
0.5
0.25
0.35
-0.1625
0.0
-0.5
0.05555555555555555
0.22499999999999998
0.3618181818181817
-0.4
-1.0
0.0
0.13125
-0.3666666666666667
-0.25
-0.15000000000000002
0.0
0.078125
0.0
-1.0
-0.5
-0.375
0.050000000000000044
0.5
0.42500000000000004
0.050000000000000044
0.23750000000000004
0.0
0.8
0.6250000000000001
0.5
-0.5
-0.5
-0.5
-0.3833333333333333
-0.3
0.08333333333333334
0.2857142857142857
0.0
-0.9
0.36818181818181817
-0.2
0.35714285714285715
0.0
0.5
0.3
-0.3333333333333333
0.5
0.25
-0.16666666666666663
0.2
0.25
-0.4
0.16
0.35
-0.325
0.0
0.13125
0.050000000000000044
-0.25
-0.06666666666666665
0.0
0.0
-0.6
0.8
-1.0
-0.5
0.5499999999999999
0.6250000000000001
0.21875
0.5
-0.8
0.2
0.06818181818181818
0.125
1.0
0.375
0.5
-0.08809523809523807
0.0
-0.25
0.5
0.0
0.6250000000000001
0.2630952380952381
0.0
0.0
-0.6999999999999998
0.15
0.35714285714285715
-0.8499999999999999
0.06666666666666665
-0.2
0.0
-0.6125
0.78125
-0.4
0.05555555555555555
0.41666666666666663
0.16666666666666666
-0.54375
-0.05
0.08333333333333333
-1.0
0.5
0.0
0.3666666666666667
0.35
0.5
-0.5
0.05000000000000002
0.6
-0.6999999999999998
-0.5
0.0
0.0
-0.2
-0.2
0.13125
0.0
0.2857142857142857
-1.0
0.2
0.2
0.7
0.3
-0.4
0.5
0.375
0.0
0.25
-0.1
0.35714285714285715
-0.5
-0.3833333333333333
0.5
0.16666666666666666
0.5
-0.5
0.8
0.6
0.0
-0.3833333333333333
0.16666666666666666
0.8
-1.0
0.0
0.1333333333333333
0.4
-0.8
0.6250000000000001
0.09375
0.25
0.0
0.5
0.4
0.42500000000000004
0.13125
-0.08333333333333333
0.05000000000000002
-0.5
-0.375
0.6
0.2
-0.6
0.8
0.2
0.6
0.55
0.31666666666666665
0.050000000000000044
0.5
0.0
0.6000000000000001
0.5
-0.325
0.0
0.5
0.2
-0.2
-0.13333333333333333
-0.5
0.7125
-0.3666666666666667
0.7
0.25
0.050000000000000044
0.5
-0.6666666666666666
0.5
0.0
0.0
0.525
-0.4
-0.2
0.0
-0.5
0.44166666666666665
0.2
0.0
0.2111111111111111
0.6250000000000001
0.5
-0.047619047619047616
0.5
-0.5208333333333334
0.5
0.5
0.5
0.0
0.43333333333333335
0.45833333333333337
0.2
0.5785714285714285
-0.5
0.3833333333333333
0.5
0.5
0.5
0.0
-0.3833333333333333
-0.5
0.5
-0.6103515625
0.2857142857142857
0.5
0.26785714285714285
-0.625
-0.2857142857142857
-0.125
0.6
0.7
0.35714285714285715
0.125
0.3
0.050000000000000044
0.5
0.125
0.4
0.05333333333333334
-0.4
0.0
0.0
0.25
0.4
0.0
-0.3833333333333333
0.2
0.0
-0.13333333333333328
0.0
-1.0
0.25
0.7000000000000001
0.725
-0.5
-0.7166666666666667
0.125
-0.2857142857142857
-0.5
0.13125
-0.8
0.5
0.7
-1.0
-0.037500000000000006
0.125
0.0
0.8
0.06818181818181818
-0.32499999999999996
-0.3833333333333333
-0.3833333333333333
0.5
0.13125
-1.0
0.5
0.25
-0.625
0.475
0.13124999999999998
0.3333333333333333
0.050000000000000044
0.44166666666666665
-0.25
-0.23333333333333328
-0.15
0.25
0.13124999999999998
-0.22222222222222224
0.0
-0.15000000000000002
-0.5
0.4000000000000001
0.6
0.0
0.5
0.5
0.5000000000000001
0.5
-0.5
0.7
0.5
-0.16666666666666666
0.050000000000000044
-0.4
0.23750000000000004
0.2
-0.3833333333333333
0.2833333333333333
0.0
0.20800000000000002
0.8
0.0
0.5
-0.09999999999999999
-1.0
0.5
0.25
0.5
-0.5
0.41666666666666663
0.25
0.2857142857142857
0.05
0.5
0.3666666666666667
0.4
0.0
0.17857142857142858
0.0
0.09166666666666667
0.0
0.13333333333333333
0.4583333333333333
0.5
0.0625
0.024999999999999994
0.6250000000000001
0.5
0.3333333333333333
0.16666666666666666
0.425
-0.5
-0.13333333333333333
0.05555555555555555
-0.6666666666666666
-0.4
0.6
-0.6
0.2857142857142857
-0.08809523809523807
0.5
0.16666666666666666
0.475
0.25
-0.5
-0.325
0.2857142857142857
-0.5
0.5
0.2857142857142857
-0.325
0.4
0.65
0.7125
0.050000000000000044
0.013888888888888895
-0.06666666666666665
0.5
-0.10000000000000002
-0.35714285714285715
0.0
-0.1875
0.3666666666666667
0.44285714285714284
-0.5
0.2333333333333333
-0.8928571428571429
0.5
0.5
0.024999999999999994
-0.5
0.375
0.8
-0.11666666666666665
0.0
0.5
0.375
0.033333333333333326
0.45
0.8
-0.5
0.13125
-0.6031249999999999
-0.05
0.25
-0.7142857142857143
-0.325
0.13125
0.35714285714285715
0.5
0.4333333333333333
-0.5
0.2
0.2
-0.8
0.225
-1.0
0.35000000000000003
-0.3333333333333333
-0.2916666666666667
0.0
0.13125
0.42500000000000004
0.37878787878787873
0.2
0.07083333333333335
-0.5
0.375
0.35
-0.5
-0.5
0.5
0.5
-0.5
-0.32
-0.05
-0.5
0.0
0.5
0.050000000000000044
-0.3333333333333333
0.1875
0.5
0.5
0.25
0.5
0.4
0.078125
-1.0
-0.18181818181818182
0.05333333333333334
-1.0
0.5
-0.3833333333333333
0.6
0.0
0.26666666666666666
-0.2
-0.5
0.5
0.5
0.125
0.5
0.3
-0.4166666666666667
-0.5
0.3
0.625
-0.5
0.8500000000000001
-0.625
-0.5
0.5
0.55
0.0
0.78125
0.43333333333333335
0.0
0.0
0.25
0.5
-0.3125
0.3
-0.6999999999999998
0.5
0.25
-1.0
0.0
0.0
0.5
0.0
0.25
-0.5
0.5
0.5
-0.033333333333333326
0.05333333333333334
0.5
-0.8
0.5
-0.012878787878787878
-0.3333333333333333
0.5
0.0
0.0
0.5
0.13125
0.8
0.31666666666666665
0.125
-0.625
-0.6
-0.5
0.65
-0.625
0.65
0.0
0.275
0.2
-0.2
0.2020833333333333
-0.3
0.8
0.8
0.0
-0.3875
0.5
-0.2
0.24675324675324675
0.0
0.078125
-0.3125
0.22142857142857142
0.0
0.2857142857142857
0.5
0.0
0.5
0.1492063492063492
-0.5
-0.125
0.0
-0.01190476190476191
0.050000000000000044
0.44285714285714284
0.5
0.4375
0.16
0.7
0.475
0.21428571428571427
0.0
0.5
0.55
-0.6999999999999998
0.55
0.0
0.41666666666666663
-0.033333333333333326
-0.6031249999999999
0.05333333333333334
0.13124999999999998
0.5
0.13124999999999998
-0.3833333333333333
0.13125
0.75
-0.4
0.7
-0.4
0.10416666666666666
0.25
0.2833333333333333
0.475
0.5
-0.6999999999999998
-0.1
0.13125
0.0
0.04999999999999999
0.6250000000000001
-0.13333333333333328
-0.5
0.425
0.13125
0.6
0.6666666666666666
0.0
0.3666666666666667
-0.5
0.5
0.0
0.04999999999999999
-0.5
0.31666666666666665
-0.25
0.10416666666666666
0.6
0.25
0.475
-0.25
0.125
0.125
-0.19999999999999998
0.5
-0.5
-0.6
-0.55
0.0
-0.48828125
0.2857142857142857
0.375
-0.5
-0.3
0.225
0.0
0.625
0.8
0.19999999999999998
0.4000000000000001
-1.0
0.2857142857142857
-0.3833333333333333
0.8
-1.0
0.050000000000000044
0.65
-0.5
0.4
0.13125
0.0
0.8
-0.25
0.4
0.7
-0.4666666666666666
0.625
-0.375
0.23750000000000004
0.16
0.5
0.05
-0.5
0.375
0.25
-0.3833333333333333
-0.5
0.25
0.6000000000000001
-0.5
-0.6666666666666666
-0.21250000000000002
-1.0
0.8
0.125
0.2
-0.5
0.13125
0.5
0.050000000000000044
0.0
-0.325
0.10000000000000002
-0.7
-0.5
0.2
0.2
0.35
0.13125
0.25
0.13125
-0.7
0.5
-0.09999999999999998
-0.55
-0.025000000000000022
0.0
0.8
0.0
0.5
-0.5
0.2
0.0
0.5
0.8
0.1
-0.25
0.225
0.25
-0.6
0.5
0.16
0.125
0.8
0.325
0.6
-0.325
-0.4225
0.6
0.225
0.2619047619047619
0.5
0.6
0.45
0.0
-0.5
-0.5
-0.5
0.25
0.0
0.05333333333333334
-0.5
0.0
0.25
0.125
-0.5
0.4185267857142857
-0.325
0.5
0.5
0.7
0.5
-0.5
0.125
0.5
-0.08809523809523807
-0.5
-0.3833333333333333
-0.5
0.8
0.0
-0.2857142857142857
0.6250000000000001
0.05555555555555555
0.4
-0.09375
0.5
0.0
1.0
0.35
0.0
-0.04999999999999999
-0.35
0.050000000000000044
0.05333333333333334
0.5
-0.6031249999999999
0.5
0.25
0.050000000000000044
0.5
-0.5
0.4
-1.0
0.0
0.2
0.0
0.13333333333333333
-0.575
-0.6
-0.4
-0.13333333333333333
0.0
-0.6031249999999999
0.3464285714285715
-0.371875
-0.2571428571428572
-0.3875
0.16666666666666666
-0.4
-0.3833333333333333
-0.13333333333333333
0.25
0.6250000000000001
0.5
0.5416666666666667
-0.5
0.0
0.4333333333333333
3.700743415417188e-17
-0.5
0.0
-0.125
0.050000000000000044
-1.0
-0.3357142857142857
0.25
0.6250000000000001
0.6
0.5
0.5
-0.5
-0.5
-0.6
0.0
-0.6
-0.2857142857142857
0.4
-0.19999999999999996
-0.06666666666666665
0.1
-1.0
-0.5
0.8
0.5
0.05333333333333334
-0.2
0.2857142857142857
0.35
-0.6031249999999999
0.8
0.1
-1.0
0.0
0.625
-0.1875
-0.6
0.6
-0.06666666666666665
-0.04999999999999996
0.6
0.7
0.6
0.5
0.35
-0.5
-0.09999999999999999
0.6
0.0
0.44642857142857145
0.5
0.5
-0.3333333333333333
0.4
0.125
0.25
0.5
0.45
-0.2
-0.5
0.8
0.65
0.5
-0.16666666666666666
-0.4
0.23750000000000004
0.13124999999999998
-0.5
-1.0
0.4472222222222222
0.4
-0.5
0.07878787878787878
0.16
-0.5
0.4472222222222222
0.35
0.25
-0.5
-0.3833333333333333
-0.1333333333333333
0.5
-0.3333333333333333
0.8
-1.0
0.2857142857142857
-0.5
0.0
0.2833333333333333
0.35714285714285715
0.1
-0.5
0.6250000000000001
-0.4333333333333333
0.6055555555555556
0.4333333333333333
-0.5
0.25
0.16
-0.03571428571428571
-0.25
0.8
-0.125
0.19285714285714284
-0.25
0.13636363636363635
-0.5
0.0
-0.09999999999999999
0.5
0.8
0.20833333333333331
0.0
0.0
-0.08809523809523807
-0.2857142857142857
-0.30000000000000004
0.5
-0.6666666666666666
0.25
0.2857142857142857
0.0
-0.3833333333333333
0.8
-0.06666666666666665
0.5
-1.0
0.4375
-0.25
0.3125
-0.375
-0.46875
0.0
0.0
-0.3888888888888889
-0.30000000000000004
0.5
0.30833333333333335
0.4
0.13125
-0.25
-0.5
0.25
-0.325
0.44166666666666665
-0.3833333333333333
-0.0388888888888889
0.6250000000000001
0.3
-0.8
0.1
0.07037037037037035
-0.29409722222222223
-0.3357142857142857
-0.6
0.3
-0.2
0.05000000000000002
0.05333333333333334
0.5
0.7
0.0
0.5
0.5
-0.2
0.8
0.5
0.5
0.0625
0.125
0.5
-0.3833333333333333
-0.75
-0.5
-0.5
0.42500000000000004
-0.6999999999999998
0.525
0.2857142857142857
-0.5
0.5
-0.4000000000000001
0.5
0.25
0.5
0.475
-0.4
0.3
-0.40714285714285714
-0.5
0.0
0.13636363636363635
0.25
0.25
0.24675324675324675
-0.5
0.16
0.41666666666666663
-0.8
-0.41666666666666663
0.2
-0.4
-0.033333333333333326
-1.0
-0.35
0.125
-0.13333333333333333
0.15
0.0
-0.28214285714285714
-0.25
-0.6749999999999999
0.0
0.8
-0.3333333333333333
0.6
0.5
-0.25
0.05
0.050000000000000044
-0.08333333333333333
0.5166666666666667
0.16
0.0
0.25
0.25
0.4375
0.05555555555555555
0.35714285714285715
0.5
-0.5
0.25
0.7
-0.375
0.050000000000000044
0.6250000000000001
0.2857142857142857
0.65
0.1111111111111111
0.5
-0.4
-0.5
0.5
-0.325
-0.22499999999999998
-1.0
-0.5
0.13125
0.1
0.0
0.5
5.551115123125783e-17
0.425
-0.2
0.5
0.5
-0.55
-0.7166666666666667
-0.25
0.42500000000000004
-1.0
0.35000000000000003
0.8
-0.8
0.13124999999999998
0.2857142857142857
-0.5
-0.2
-0.5
-0.25
-0.5
0.0
0.125
-1.0
0.05555555555555555
0.625
-0.4666666666666666
0.16
0.25
0.42500000000000004
0.0
-0.575
-1.0
0.0
0.2
1.0
0.8
0.5
-0.3833333333333333
0.5
0.05555555555555555
-0.5
-0.5
0.050000000000000044
0.11666666666666665
0.050000000000000044
-0.5
0.11904761904761905
-0.5
-1.0
-0.3958333333333333
-0.05
-0.5
-0.06875
-0.3111111111111111
0.0
0.0
0.2857142857142857
0.5
-0.25
0.25
-0.5
0.5
0.25555555555555554
0.13125
1.0
-0.5
0.5
-0.6031249999999999
0.0
0.5
0.25
0.09999999999999998
0.4
0.7
0.5
0.0
0.0
0.0
0.5
0.1
0.6
0.3
0.5
-0.8
-0.04999999999999999
-0.5
0.5
-0.2857142857142857
0.18333333333333335
-0.5
0.125
0.35
0.16666666666666666
0.43333333333333335
0.125
-0.5
-0.6
0.0
0.4
-0.3958333333333333
0.0
0.25
0.43333333333333335
-0.09999999999999992
0.10416666666666666
0.425
0.3
-0.25
-0.2571428571428572
0.5
0.13125
0.125
-0.0833333333333333
-0.5
0.325
0.25
0.0
0.0
0.125
-0.5
0.0
-0.3333333333333333
0.6
-0.5
0.0
0.2
0.13125
0.7
0.050000000000000044
0.125
-0.5
0.2
0.0
0.5
0.6
-0.3333333333333333
-0.5
-1.0
-0.05
0.7
0.18749999999999997
-0.5
-0.25
0.125
-0.5
0.34545454545454546
0.25
0.0
0.7
0.15
0.05
0.19999999999999998
-0.033333333333333326
0.5
0.050000000000000044
0.3785714285714286
0.5
0.0
0.45
0.675
0.5785714285714285
-0.5
-0.8
0.25
-0.5
0.006031746031746027
-0.5
-0.5
-0.5
-0.2857142857142857
0.0
-0.5
-0.3
0.8
0.675
0.2708333333333333
-0.5
0.470625
-0.375
-0.3357142857142857
0.5
0.0
0.5
0.0
0.5
0.23750000000000004
0.5
-0.75
0.5
0.0
-0.36458333333333337
0.05333333333333334
0.1875
0.275
0.5
0.25
0.22142857142857142
0.5
0.5
0.4
0.0
0.175
-0.4
-0.0035714285714285587
0.5
0.4
0.5
0.5
-0.42500000000000004
0.1
-0.05
-0.05
0.125
-0.0035714285714285865
-0.4
0.6
0.2857142857142857
-0.9099999999999998
0.39999999999999997
-0.125
0.16363636363636364
0.5
0.8
0.0
0.10000000000000002
0.1
-0.5
0.16
0.0
0.0
-0.5
-0.4
0.5
0.25
0.3125
0.5
0.7
0.125
-0.03333333333333333
0.5
-1.0
-0.5
0.3
0.050000000000000044
0.5
0.125
0.5
0.16
-0.09999999999999999
0.0
0.475
0.0
-0.5
0.0
0.25
0.08333333333333333
-0.6031249999999999
0.6250000000000001
0.25
-0.3833333333333333
0.4
0.5
-0.4
-0.2857142857142857
-0.09375
-0.11666666666666665
0.25
-0.44999999999999996
0.7
0.050000000000000044
-0.08809523809523807
0.3166666666666667
-0.5
-0.5
1.0
-0.03472222222222223
-0.5
0.0
0.125
0.625
0.4000000000000001
-0.4
0.4000000000000001
0.10000000000000002
0.0
0.2916666666666667
-1.0
0.2
-0.195
0.25
0.5
-0.16666666666666666
-0.5
-1.0
-0.5
-0.11666666666666665
0.6
-0.3833333333333333
0.5
0.5
-0.6031249999999999
0.8
0.2
0.5
-0.25
-0.25
0.07083333333333335
0.13125
0.23750000000000004
0.0
0.5
0.4125
0.7333333333333334
-0.8
-0.5
-0.08809523809523807
-0.16666666666666666
0.09999999999999998
0.6
0.29166666666666663
0.4666666666666666
0.375
0.078125
-0.5
0.5
0.6
0.13125
0.35
0.16666666666666666
-0.375
-0.5
0.5859375
0.0
-0.625
0.0
0.0
0.46749999999999997
0.65
-0.19375
0.5
0.0
0.5
0.125
-0.9
0.5
0.5
-0.3833333333333333
0.5
0.25
0.0
0.13333333333333333
0.0
0.5
-0.6
0.36363636363636365
0.35
0.0
-0.5
0.5
0.35
-1.0
0.0
-0.4
0.050000000000000044
0.25
-0.36458333333333337
0.0
0.25
0.5
0.050000000000000044
-0.05
-0.09375
-0.1333333333333333
0.5
0.05555555555555555
0.27499999999999997
-0.5
0.06666666666666665
0.45
1.0
0.10000000000000002
0.25
0.8
0.15
0.5
0.2
-0.45
-0.875
0.8
-0.25
0.42083333333333334
0.125
-0.35000000000000003
-0.033333333333333326
0.25
-0.13333333333333333
-0.5
0.05
-0.11666666666666665
-0.05
0.0
0.125
0.4
0.2857142857142857
-0.05714285714285716
0.4
-0.14583333333333334
0.050000000000000044
-0.2
-0.35833333333333334
-0.22499999999999992
-0.23787878787878788
-0.13333333333333333
0.625
-0.4
0.5
-0.4
-0.8
-0.30416666666666664
0.13636363636363635
0.6499999999999999
0.75
-0.1
0.13125
0.5
0.0
-1.0
0.5
-0.39999999999999997
0.5
0.0
-0.2916666666666667
0.0
0.5
0.13636363636363635
0.22499999999999998
-0.25
0.5
-0.1333333333333333
0.75
-0.4
0.2857142857142857
-0.3833333333333333
0.125
0.8
-0.4
0.25
0.3
0.4
-0.5
0.0
0.0
0.0
0.0
0.5
0.6250000000000001
-0.1333333333333333
0.07878787878787878
0.25
0.6
-0.5
-0.26
0.7
-0.11666666666666665
0.35714285714285715
-0.5
-0.25
0.3666666666666667
-0.6
-0.6
0.5
0.4
0.0
0.5
0.25
-0.5
0.0
-1.0
0.125
0.0
0.7
0.3181818181818182
0.25
0.7
0.2714285714285714
-0.5
0.5
-0.08333333333333333
-0.2857142857142857
0.5
-0.5
0.5
-0.5
0.5
0.4
0.25
0.5
-0.7999999999999999
-0.6999999999999998
0.5
0.475
-0.2
-0.2857142857142857
0.1
0.0
0.5
0.5785714285714285
0.7
0.3
0.0
0.5
-0.7
-0.5
0.25
-0.06666666666666665
-0.3833333333333333
0.5
-0.3833333333333333
-0.16666666666666663
0.25
0.5
0.5
0.05333333333333334
0.05
0.03333333333333334
0.25
0.5
0.8500000000000001
0.8
0.3333333333333333
-0.22499999999999992
0.35
-0.4
-0.5
-0.8
0.25
0.5
0.0
0.15138888888888888
0.35
-0.3833333333333333
-0.23333333333333328
-0.5
0.5
0.140625
-0.171875
-0.31666666666666665
0.13636363636363635
0.125
0.050000000000000044
-1.0
-0.2857142857142857
0.2857142857142857
-0.5
0.6250000000000001
0.0
0.5
0.5
0.4375
0.024999999999999994
0.5
0.4375
0.6
0.0
0.2857142857142857
-0.08333333333333333
0.5
0.5
-0.5
-0.5
0.5000000000000001
-0.5
0.13125
-0.2916666666666667
-0.8
0.42500000000000004
0.050000000000000044
-0.375
0.2916666666666667
0.24675324675324675
-0.5
0.8
0.32499999999999996
-0.5
-0.65
0.45
0.05333333333333334
-0.5047619047619047
0.6
-0.5
0.5
0.125
-0.1
-0.3357142857142857
0.0
0.35
-0.325
0.05
0.25
-0.5
0.9765625
-0.5
-1.0
-0.5
-0.3125
0.8
-0.6031249999999999
0.0
-0.1333333333333333
0.17857142857142855
0.05
0.8
-0.5
-0.5
0.5
0.0
0.6
0.2857142857142857
-0.5
0.6250000000000001
-0.06666666666666665
0.5
-0.8
0.0
-0.033333333333333326
0.2916666666666667
-1.0
-1.0
0.0
0.5
0.6
-0.1333333333333333
0.10416666666666666
-0.6
-0.4
0.7
0.3
0.3
0.5
-1.0
0.15138888888888888
-0.16666666666666666
0.2916666666666667
0.5
0.2
0.6
0.0
0.35
-0.75
0.5
0.125
0.25
0.25
-0.30000000000000004
0.65
0.5
-0.3833333333333333
0.7
-0.5
-0.6031249999999999
-0.4625
-0.625
0.0
-0.5
0.8
-0.4
0.17857142857142858
0.5
0.25
0.1
0.125
0.0
-0.5
-0.3125
0.375
0.24675324675324675
-0.30000000000000004
0.13125
0.5
0.16
0.5
-0.6031249999999999
0.40714285714285714
0.0
0.8
0.0
-0.3833333333333333
0.1111111111111111
0.0
-0.08333333333333333
-0.5
-0.2857142857142857
-0.7999999999999999
0.125
-0.4
0.6
0.6250000000000001
0.5
-0.4
0.5
-0.2
0.5
-0.12499999999999996
0.19999999999999998
0.15
0.13636363636363635
-1.0
0.0
0.05333333333333334
0.1
0.0
0.7
0.4
0.125
-0.31666666666666665
0.13125
-0.2
0.0
0.5
-0.2
-0.48828125
0.0
0.5
-0.1875
-0.3791666666666667
0.2833333333333333
-0.5
-0.2571428571428572
0.05555555555555555
0.1
0.16
-0.125
0.125
-0.6
-0.75
0.13125
0.0
-0.1
0.4333333333333333
-0.5
0.0
0.0
0.5
0.35
0.0
-0.3833333333333333
0.5
0.4
0.5
-0.033333333333333326
0.0
0.6
-0.0880952380952381
0.25
0.0
0.0
-0.012500000000000011
-0.625
0.4333333333333333
0.0
0.2857142857142857
0.3
-0.6699999999999999
0.4000000000000001
0.0
-0.5
-0.23214285714285715
-0.6
-0.4
0.8
-0.4
0.18333333333333335
0.375
-0.5
0.425
0.5
0.5
0.35
0.2020833333333333
0.10476190476190476
-0.4
0.5
0.8
0.12000000000000002
0.1
-0.3333333333333333
0.0
0.25
-0.5047619047619047
-0.4
0.125
0.1111111111111111
0.7
0.425
0.1111111111111111
0.13636363636363635
-0.42
-0.6999999999999998
0.2857142857142857
0.5
0.125
1.0
-0.03472222222222223
-0.15
0.0
0.0
0.0
-0.059999999999999984
-0.5
0.16666666666666666
0.15000000000000002
0.5
0.20000000000000004
0.07083333333333335
0.0
-0.5
-0.1
0.10000000000000002
-0.5
0.24675324675324675
-0.10000000000000002
-0.26666666666666666
0.2916666666666667
0.4375
-0.5
0.1111111111111111
-0.625
0.5
-0.6
-0.54375
-0.35
0.3
0.5785714285714285
-0.5
-0.5
0.7
0.5
-0.5
0.5
0.4000000000000001
-0.5
0.18333333333333335
-0.3833333333333333
0.0
0.0
-0.6031249999999999
0.25
0.050000000000000044
0.5
0.25
0.25
0.13125
0.8
0.35
-0.5
0.7
0.75
0.0
0.5
-0.7999999999999999
0.050000000000000044
-0.5
0.5
-0.3333333333333333
0.125
0.35
0.0
0.125
0.375
0.10416666666666666
-0.04761904761904764
0.2
-0.8
0.25
0.5
0.13636363636363635
-0.5
-0.06944444444444445
-1.0
0.0
0.7
0.8
-1.0
-0.2571428571428572
-0.4
0.35714285714285715
0.0
0.07083333333333335
0.4000000000000001
0.0
0.0
0.44166666666666665
0.5
-0.5333333333333333
-0.5
0.050000000000000044
-0.1
-0.25
0.5
0.0
-0.75
0.5
0.06666666666666665
-0.11666666666666665
0.0
0.5
0.5
-0.5
-0.8
0.0
0.5
-0.2857142857142857
0.125
0.3181818181818182
0.5
0.0
-0.4
0.0
0.0
0.25
0.6
0.45
0.1
-0.5
-0.5
-0.3833333333333333
0.625
-0.5
0.10416666666666666
0.20000000000000004
0.13636363636363635
-0.375
0.8
0.24675324675324675
0.2
0.0
0.24675324675324675
0.5
0.25
0.0
0.6250000000000001
-0.6031249999999999
0.125
0.13125
0.5
0.25
0.5
-0.5
-0.20000000000000004
0.4
0.13125
0.0
0.0
-0.07348484848484849
-0.25
0.26666666666666666
-0.5
0.125
0.3
0.6
0.25
0.25
0.6250000000000001
-0.25
0.16
0.15
0.0
-0.0880952380952381
0.0
0.050000000000000044
-0.4
0.5
-0.6999999999999998
0.1
0.1
0.05555555555555555
0.8
-0.5
0.0
-0.1875
-0.125
0.625
-0.3833333333333333
0.0
0.125
0.65
0.25
0.6
-0.5
0.0
0.625
0.0
0.5
0.05
0.5
-0.5
-0.6999999999999998
0.0
0.5785714285714285
0.5
0.475
-0.2571428571428572
0.3
0.4333333333333333
-0.5
0.050000000000000044
-1.0
0.35
0.125
-0.5
0.25
-0.5
0.1111111111111111
-0.8
0.225
0.5
0.65
0.0
0.21666666666666667
0.2
-0.2
0.5
-0.1
-0.3833333333333333
-0.6
0.05333333333333334
0.1375
0.13333333333333333
0.0
-0.5
-0.7142857142857143
0.8
0.26666666666666666
0.4333333333333333
0.4
0.46875
0.5
0.8
-0.125
-0.3833333333333333
-0.5625
-0.2
-0.7142857142857143
-0.22499999999999992
0.05
0.35
0.5
0.4666666666666666
0.4375
-0.6031249999999999
0.024999999999999994
-0.5
-0.19523809523809524
0.0
0.0
0.0
-0.5
0.5
0.25
0.125
-0.5
0.35714285714285715
0.2857142857142857
0.2857142857142857
0.8
-0.625
-0.5
0.6
0.5
0.05333333333333334
0.25
0.5
-0.04999999999999999
0.16
-0.6749999999999999
-0.1
0.6
-0.35714285714285715
0.5
-0.375
-0.5
0.24675324675324675
0.42500000000000004
0.5
0.45
0.13125
0.0
-0.5
0.05333333333333334
0.0
0.3625
-0.5
-0.01666666666666668
-0.625
-0.5
0.3833333333333333
0.6
0.050000000000000044
-0.04999999999999999
-0.5
0.5
0.44166666666666665
-0.10000000000000003
-0.3833333333333333
0.0
0.5
0.0
0.41666666666666663
0.5
0.0
0.13636363636363635
-0.3833333333333333
0.0
0.6
0.24675324675324675
0.35
0.0
0.0
-0.55
-0.5
0.5
0.5
0.0
0.13125
0.6
0.5
-0.2571428571428572
0.0
0.0
-0.5
-1.0
0.25
0.1
0.39285714285714285
-0.5
0.050000000000000044
-0.41666666666666663
-0.5
0.0
0.4
0.44166666666666665
0.31666666666666665
0.2
0.25
0.5
0.5
0.25
0.6666666666666666
-0.2571428571428572
-0.4
0.13125
0.0
0.05555555555555555
-0.5
-0.5
0.625
-0.4666666666666666
1.0
-0.2
0.0
0.0
0.08333333333333333
0.13125
0.5
-0.3666666666666667
0.0
-0.4
-0.4
-0.4
0.6250000000000001
-0.5
0.25
0.05
0.13125
-0.325
0.56875
0.45
0.0
-0.3
-0.5
0.16
0.42500000000000004
-0.3
-0.5
0.012121212121212125
-0.5
-0.6031249999999999
-0.5
0.8
0.13125
0.8
0.35
-1.0
0.625
-0.25
-0.10555555555555556
-0.5
-0.1875
-0.033333333333333326
0.3
0.6250000000000001
0.5
0.625
0.25
0.8
0.13125
-0.6999999999999998
0.125
-0.2857142857142857
0.2857142857142857
0.7
-0.3833333333333333
0.024999999999999994
-0.5
-0.6
0.0
0.050000000000000044
-0.3
-0.6999999999999998
0.3
0.13125
0.6
0.25
-1.0
0.050000000000000044
-0.0833333333333333
0.625
0.2833333333333333
0.1
-0.3833333333333333
-0.5
0.2857142857142857
0.05333333333333334
0.5
0.5
0.25
-0.09999999999999992
-1.0
0.7
-1.0
0.7
-0.125
0.9
-0.3357142857142857
0.5
-0.5
0.4
-0.5000000000000001
0.0
0.0
0.2
0.6
-0.5
0.0
-1.0
0.0
0.5
0.050000000000000044
5.551115123125783e-17
0.25
0.4
0.0
-0.55
-1.0
-0.25
0.4000000000000001
0.5
0.6
-0.5
0.41666666666666663
-0.347943722943723
0.6250000000000001
-0.15
0.13125
-0.15000000000000002
0.5
-0.16666666666666666
-0.11666666666666665
-0.8
-0.21250000000000002
-0.05
-0.2
0.2222222222222222
-0.25
-0.65
0.45833333333333337
-0.023809523809523808
-0.4
0.2020833333333333
0.5
0.0
0.0
0.07878787878787878
-1.0
0.2857142857142857
0.34545454545454546
0.1111111111111111
0.2857142857142857
-0.22499999999999992
-0.42
0.44285714285714284
0.0
-0.6031249999999999
0.5
5.551115123125783e-17
-0.03472222222222223
0.5
0.0
0.17857142857142855
0.35714285714285715
-0.2571428571428572
0.05333333333333334
-0.05
-0.7166666666666667
0.05333333333333334
0.5
-0.8
-0.5
0.0
0.3111111111111111
0.31666666666666665
-0.5
0.48750000000000004
0.25
0.0
0.0
0.5
-0.5
0.4333333333333333
0.06666666666666665
0.55
-0.10000000000000002
-0.5
1.0
-0.0878787878787879
1.0
0.25
-0.3833333333333333
0.0
-0.8749999999999998
0.5
0.0
-0.5
0.2
-0.04166666666666666
0.5
0.2
-0.7
-0.011111111111111108
0.5
0.5
0.28125
0.8
-0.5
0.050000000000000044
0.17857142857142855
-0.6999999999999998
-0.6666666666666666
-0.5
0.0
0.3
0.125
-0.8
0.0
0.0
-0.13333333333333333
-0.375
0.25
0.2
0.5
-0.35
0.2
-0.375
0.0
0.1
0.5785714285714285
-0.5
0.0
0.5
0.0
-0.3357142857142857
-0.5
-0.6
0.3
0.0
-0.5
0.5
-0.21666666666666667
-0.11666666666666665
0.25
0.0625
0.0
-0.11666666666666665
0.050000000000000044
0.2020833333333333
-0.10714285714285715
0.6
0.25
0.25
-0.6
0.0
-0.40714285714285714
-1.0
0.0
0.0
-0.4
0.0
0.0
0.44166666666666665
0.5
0.5
0.35000000000000003
-1.0
-0.04999999999999999
0.25
0.8
0.4
0.0625
-0.6
0.375
0.25
0.35
0.0
-0.4
0.0
0.125
0.0
0.5
0.0
0.8
0.0
0.5
-0.11666666666666665
-0.41666666666666663
0.4
0.1
-0.3833333333333333
-0.11666666666666665
0.0
0.25
-0.4
-0.3833333333333333
-0.3
0.06363636363636363
0.6
0.0
0.25
-0.25
0.4
0.8
-1.0
0.1111111111111111
0.09999999999999999
-0.5
0.25
-0.5
-0.25
-0.033333333333333326
-0.8928571428571429
0.39999999999999997
0.75
0.13124999999999998
0.5
-0.1875
0.225
0.07083333333333335
0.1
-0.5
0.6250000000000001
0.0
0.4333333333333333
-0.1875
0.25
0.6250000000000001
0.2916666666666667
0.03333333333333336
0.4
0.18333333333333335
0.5
0.41666666666666663
-0.1
0.5
0.5
-0.6031249999999999
0.375
0.5
0.25
-0.3833333333333333
0.050000000000000044
-0.2571428571428572
-0.2
-0.5
0.5
-0.8
0.0
0.85
0.35714285714285715
-0.5
-0.40714285714285714
0.5
-0.5
-0.4
-0.2916666666666667
0.65
0.5
0.5
-0.1875
0.050000000000000044
-0.5
0.25
-0.5
0.5
0.0
0.5
-0.78125
0.25
0.0
-0.625
-0.3357142857142857
-0.25
0.024999999999999994
0.10416666666666666
0.5
-0.325
-1.0
-0.4
0.6
-0.3
-0.6999999999999998
0.5
0.25
0.5
0.05333333333333334
0.6
0.125
0.125
0.0
0.6250000000000001
0.05333333333333334
-0.4
-0.06666666666666665
-0.25
0.75
0.0
0.5
-0.1875
0.0
0.44166666666666665
-0.16666666666666666
0.2857142857142857
0.44166666666666665
-0.4
0.5
0.35
0.0
0.1
0.0
0.16
0.35
0.1
0.45
0.1
-0.05
0.0
0.10000000000000002
-1.0
-0.5
-0.5
0.6000000000000001
-0.4666666666666666
-0.375
-0.3833333333333333
0.28571428571428575
-0.5
0.25
0.3785714285714286
0.0
-0.5
0.0625
-0.6
0.6
0.5
0.3376623376623377
-0.033333333333333326
0.35
0.050000000000000044
0.125
0.8
0.05555555555555555
0.3571428571428571
-0.6031249999999999
0.68359375
0.0
0.375
0.125
0.05333333333333334
-1.0
0.25
0.13125
0.05555555555555555
0.4
0.375
0.5
-0.6
0.07575757575757576
-0.375
-0.5
0.35
0.6250000000000001
-0.5
0.25
0.10416666666666666
0.39999999999999997
-0.1333333333333333
0.44285714285714284
0.11818181818181818
0.25
0.23750000000000004
0.375
-0.6031249999999999
-0.25
-0.5
-0.4
0.5
0.3
0.8
0.0
-0.25
0.0
0.25
-0.575
-0.5
0.5
-0.0722222222222222
0.4333333333333333
-0.25
-0.5
0.0
-0.5
0.0
0.125
0.2916666666666667
-0.5
-0.18333333333333338
-0.3333333333333333
0.050000000000000044
-0.1
0.8
0.2
-0.3333333333333333
0.5
0.6250000000000001
0.5
0.35
0.30952380952380953
0.8
0.04999999999999999
0.20000000000000004
0.3
0.0
0.125
1.0
-0.6
-0.5
-0.25
0.2857142857142857
0.5
0.0
0.0
0.65
0.6000000000000001
0.050000000000000044
-1.0
-0.033333333333333326
0.5
0.5
0.5
0.25
-0.325
-0.5
-1.0
-0.1333333333333333
0.0
-0.6031249999999999
0.0
0.05
-0.6031249999999999
-0.8
-0.2333333333333333
0.13125
-0.2833333333333333
-0.25
0.050000000000000044
-0.35
-0.15
-0.7142857142857143
0.6250000000000001
0.5
-0.06822916666666666
-0.5
0.0
0.25
0.05
0.1619047619047619
0.25
0.2857142857142857
0.5
0.5785714285714285
0.470625
0.0
-0.13333333333333328
0.0
0.1111111111111111
0.05
-0.5
0.2857142857142857
0.35
0.625
-0.35
-0.4
0.5
0.25
-0.7166666666666667
0.6
0.2
0.033333333333333326
0.9
0.5
-0.3
-0.4
-0.6031249999999999
0.35714285714285715
0.6250000000000001
-1.0
0.375
0.0
0.0
0.23750000000000004
0.45
-0.25
0.5
0.8
-0.5
0.0
0.050000000000000044
-0.4
0.5
0.0
0.55
0.475
-0.2916666666666667
-0.4
-0.5
0.5
-0.4
0.0
0.4666666666666666
0.25
-0.06822916666666666
-0.033333333333333326
-0.16666666666666666
1.0
0.35
0.15833333333333333
0.5
0.050000000000000044
0.0
-0.1874999999999999
-0.3333333333333333
0.2
-0.1875
1.0
0.3
0.0
0.6
-0.13333333333333328
0.6250000000000001
0.050000000000000044
-0.5
0.25
0.25
0.25
-0.4
0.5785714285714285
-0.6031249999999999
0.78125
0.05
0.55
-0.3
0.0
-0.5
0.25
0.0
0.050000000000000044
0.0
0.35714285714285715
0.24675324675324675
-0.5
0.0
-0.5
0.11111111111111112
0.125
1.0
0.7
-0.3333333333333333
-0.5
-0.3333333333333333
0.8
0.16
0.1
0.125
-0.06875
0.35
0.25
0.24675324675324675
0.0
0.125
0.0
0.13125
0.5
0.1
0.35
0.5
0.5
-0.5
0.22142857142857142
-0.2
-0.25
0.09999999999999998
-0.5
0.0
-0.1
0.2
0.8
-0.25
-0.5
-0.16666666666666666
0.2
-0.5
0.7
0.07878787878787878
0.0
0.4
-0.5
-0.5
0.125
0.5
-0.2878787878787879
0.625
0.5
-0.3125
0.050000000000000044
-0.5
-0.4
0.0
0.25
0.17857142857142858
0.6
-0.5
0.5
0.0
-0.5
0.5
0.0
-0.4
0.5
0.16
0.5
0.0
0.5
0.5
-0.21666666666666667
-0.625
-1.0
-0.06666666666666665
0.25
-0.5
-1.0
0.25
0.2857142857142857
0.13125
0.0
0.5
0.14583333333333334
-0.033333333333333326
-0.5
0.3571428571428571
0.125
0.0
0.0
0.0
0.16
-1.0
-0.6999999999999998
-0.5
0.475
0.26785714285714285
-0.5
0.31666666666666665
-0.5
0.0
0.470625
-0.5
0.25
0.39999999999999997
0.5
0.25
0.5000000000000001
0.5
-0.5
0.6
0.5
